127.0
82520.0
GGAL 126.99999999999999 0 12699.999999999998 126.2 100 0 
GGAL_C_98_10 28.2 34.43 2820.0 28.2 1 0.0 
GGAL_C_101_10 25.2 31.64 -2520.0 0 -1 inf 
GGAL_C_104_10 22.2 28.86 2220.0 21.0 1 5.71 
GGAL_C_107_10 19.2 26.13 -1920.0 0 -1 inf 
GGAL_C_110_10 17.0 23.46 1700.0 15.1 1 12.58 
GGAL_C_113_10 13.2 20.87 -1320.0 0 -1 inf 
GGAL_C_116_10 11.0 18.38 1100.0 10.2 1 7.84 
GGAL_C_119_10 7.2 16.02 -720.0 0 -1 inf 
GGAL_C_122_10 4.2 13.81 420.0 4.2 1 0.0 
GGAL_C_125_10 2.0 11.77 -200.0 0 -1 inf 
GGAL_C_128_10 0.1 9.92 -10.0 0 -1 0 
GGAL_V_131_10 4.8 5.03 -480.0 0 -1 inf 
GGAL_V_143_10 16.8 11.63 1680.0 16.8 1 0.0 
GGAL_V_149_10 22.8 15.92 2280.0 22.8 1 0.0 
