110802.4
GGAL 112.45 0.0 11245.0 119.1 100 0.0 
GFGC52808D 68.5 236.94 -47950.0 -10.15 -7 -574.88 
GFGC88808D 31.0 84.08 21700.0 31.0 7 0.0 
GFGC10081D 18.0 45.44 7200.0 18.3 4 -1.64 
GFGC105.DI 15.0 52.42 -3000.0 -0.07 -2 -21328.57 
GFGC108.DI 13.05 46.45 1305.0 17.0 1 -23.24 
GFGC10981D 12.35 47.9 -1235.0 0.0 -1 inf 
GFGC11281D 10.15 44.76 -12180.000000000002 -0.0 -12 -inf 
GFGV11281D 6.75 47.24 6075.0 6.03 9 11.94 
GFGC11581D 8.75 49.31 5250.0 9.31 6 -6.02 
GFGV11581D 8.1 53.18 -4859.999999999999 0.0 -6 inf 
GFGC11881D 7.61 48.56 2283.0 8.0 3 -4.87 
GFGV11881D 9.775 54.35 2932.5000000000005 9.35 3 4.55 
GFGC12181D 6.4 48.6 2560.0 11.17 4 -42.7 
GFGC12481D 5.5 48.99 550.0 9.6 1 -42.71 
